$ANSIBLE_VAULT;1.1;AES256
64306237613062616661336231366331383338616439326630663832353064323864363865613734
3139656130343534343134356566343437393535656331340a396464633536343139653439346131
65616331666633613131333639356164333238666264633335373432336533663263343834346662
6236663237383533390a313031383935343234363232356165333236383630326435326465646164
66386530303363333733326237353338333531636466313033353166626238383232343632363535
37326631666537643437373035333139613133623238663161366635396461303561333465643961
61626361633665666435393234363635653936656533363164356334333465656334653933303537
32373235336238616664386435316132366530336665343435666235373266636563353463383564
31396263383033316265373636373637343464336135346466353166386334316163633866393261
63346332373438383266313437393132623265626130393738313633383431356338396439383462
30636365303734613733313537373636363432316331663563323966663662396633336437663561
64636130313066623566353432643732376463376561646665373834306639383836636531373034
37653035636162353136303535346334613635363836663437386466616265343638353031613632
64343430353732333038306566343163333733333461616335653263643866393037666133643430
39656238363835313637323130393132393466323530636434386432363937656632653631636232
62383263336137613538363039303861373732326164646266366561316365643766383864326634
62623832363962626637356262643863363034396366383566613937613732343633616139323331
62396537356338363534336135396434346536616230376532373363313931653235383833643230
38313539356661313536393762373064643361303462613731613066353664353630373638386630
64303733646134653236623136393434323231346665353762623965663762653939363037636465
30366433616462356234316564653664393135663534343464303734663665636330666637346433
36333131666531623166353239633331323765333338616334633966666234316365623330646636
61623133303539646636623535373534613832613534356661643562313534343236666435633636
31336535396433663664356339666665643966323539663233373536616333363362656536313739
61623431623135346636343862633562623938616563383561366132623764393933393363666231
34663466643737313839666430376231663335366335623866366164373331383765323763343136
31343463393336306632656339653630356335663166666431306136386465313739646362363134
64366562383036383565363138343464636330353436656630393465393862613632663863386532
33316430633334626430623165353562366465633631666237616133623935666365306631373433
31643433313035353863313838666562373537313930366430613562653463336139653239313435
66316135663632326166336463303165373831613062613465663834643866313961643861666463
37303537306362386638393266343633633634363535356231316261313834653739616562363232
3064
